1051501
1051505
1051508
1051509
1051515
1051516
1051517
1051525
1051565
1051571
1051580
1051593
1051607
1051623
1051627
1051650
1051659
1051660
1051662
1051744
1051758
1051759
1051760
1051761
1051763
1051764
1051769
1051984
1051985
1051987
1052047
1052049
1052051
1052052
1052053
1052054
1052060
1052064
1052065
1052066
1052067
1052068
1052072
1052075
1052076
1052110
1052116
1052124
1052128
1052130
1052135
1052148
1052149
1052166
1052169
1052171
1052173
1052175
1052201
1052202
1052204
1052205
1052236
1052249
1052252
1052255
1052256
1052258
1052259
1052261
1052264
1052265
1052267
1052269
1052272
1052289
1052313
1052343
1052344
1052345
1052348
1052363
1052370
1052371
1052372
1052374
1052375
1052388
1052389
1052390
1052567
1052568
1052569
1052571
1052574
1052575
1052576
1052578
1052579
1052580
1052581
1052582
1052583
1052584
1052585
1052586
1052587
1052588
1052589
1052590
1052593
1052594
1052629
1052631
1052634
1052638
1052639
1052640
1052641
1052647
1052648
1052649
1052810
1052811
1052813
1052814
1052815
1052838
1052846
1052853
1052874
1052875
1052876
1052879
1052880
1052896
1052897
1052899
1052902
1052903
1052904
1052905
1052908
1052910
1052911
1052913
1052914
1052916
1052917
1052919
1052921
1052922
1052935
1052942
1052945
1052946
1052947
1052949
1052951
1052955
1052956
1052957
1052958
1052959
1052961
1052962
1052963
1052964
1052966
1052967
1052968
1052979
1052980
1052999
1053000
1053001
1053004
1053011
1053015
1053016
1053034
1053035
1053036
1053042
1053054
1053077
1053082
1053084
1053086
1053088
1053089
1053091
1053092
1053093
1053094
1053095
1053098
1053101
1053103
1053104
1053105
1053106
1053109
1053110
1053112
1053119
1053120
1053122
1053123
1053124
1053125
1053127
1053128
1053129
1053130
1053131
1053133
1053135
1053157
1053158
1053160
1053161
1053162
1053166
1053167
1053185
1053186
1053189
1053197
1053198
1053205
1053219
1053220
1053221
1053225
1053226
1053230
1053231
1053232
1053261
1053262
1053263
1053266
1053267
1053268
1053273
1053274
1053277
1053278
1053279
1053306
1053307
1053308
1053311
1053312
1053320
1053321
1053342
1053345
1053347
1053349
1053350
1053352
1053363
1053365
1053380
1053386
1053402
1053412
1053413
1053441
1053444
1053445
1053448
1053450
1053451
1053531
1053538
1053539
1053553
1053554
1053555
1053600
1053601
1053602
1053603
1053605
1053609
1053612
1053614
1053615
1053632
1053640
1053641
1053650
1053666
1053667
1053668
1053669
1053670
1053672
1053673
1053674
1053691
1053692
1053719
1053758
1053759
1053760
1053761
1053763
1053764
1053765
1053766
1053767
1053768
1053769
1053770
1053771
1053782
1053784
1053785
1053786
1053788
1053789
1053790
1053792
1053793
1053816
1053817
1053819
1053821
1053824
1053826
1053827
1053828
1053851
1053854
1053856
1053858
1053859
1053862
1053908
1053909
1053910
1053926
1053927
1053928
1053930
1053931
1053933
1053934
1053935
1053936
1053940
1053942
1053953
1053972
1053973
1053975
1053977
1053978
1053979
1053980
1053982
1053983
1053984
1053985
1053986
1053989
1053990
1054012
1054014
1054049
1054050
1054051
1054052
1054053
1054054
1054056
1054058
1054059
1054060
1054062
1054064
1054066
1054068
1054081
1054086
1054155
1054157
1054159
1054164
1054165
1054166
1054168
1054169
1054170
1054172
1054173
1054174
1054175
1054176
1054177
1054178
1054179
1054180
1054181
1054183
1054184
1054186
1054187
1054211
1054214
1054216
1054218
1054219
1054220
1054221
1054223
1054224
1054225
1054228
1054229
1054231
1054233
1054235
1054236
1054237
1054238
1054240
1054241
1054242
1054243
1054244
1054245
1054247
1054248
1054249
1054250
1054253
1054254
1054257
1054258
1054259
1054303
1054305
1054336
1054339
1054340
1054341
1054582
1054583
1054584
1054585
1054586
1054592
1054596
1054597
1054601
1054604
1054607
1054608
1054609
1054612
1054613
1054614
1054616
1054617
1054618
1054619
1054621
1054638
1054639
1054640
1054641
1054644
1054645
1054647
1054648
1054649
1054650
1054651
1054652
1054655
1054656
1054658
1054659
1054660
1054742
1054744
1054745
1054746
1054747
1054748
1054752
1054756
1054758
1054759
1054773
1054776
1054777
1054779
1054780
1054782
1054784
1054788
1054789
1054790
1054792
1054795
1054798
1054801
1054809
1054810
1054814
1054831
1054832
1054834
1054835
1054837
1054839
1054840
1054844
1054846
1054848
1054851
1054856
1054857
1054860
1054862
1054863
1054867
1054868
1054870
1054871
1054872
1054873
1054879
1054880
1054881
1054882
1054883
1054887
1054888
1054889
1054927
1054938
1054939
1054942
1054944
1054962
1054963
1054964
1054965
1054966
1054967
1054971
1054972
1054975
1054977
1054978
1054980
1054982
1054984
1054985
1054986
1054987
1054988
1054989
1054990
1054991
1054992
1054993
1054994
1055015
1055017
1055018
1055019
1055021
1055022
1055024
1055043
1055044
1055045
1055046
1055047
1055057
1055058
1055060
1055067
1055068
1055069
1055070
1055074
1055077
1055078
1055083
1055085
1055088
1055100
1055101
1055102
1055103
1055110
1055115
1055117
1055118
1055124
1055125
1055170
1055185
1055186
1055189
1055194
1055207
1055208
1055213
1055214
1055215
1055217
1055220
1055229
1055230
1055232
1055233
1055235
1055237
1055239
1055240
1055241
1055243
1055245
1055246
1055247
1055248
1055249
1055254
1055256
1055258
1055262
1055264
1055267
1055270
1055272
1055275
1055278
1055279
1055289
1055304
1055306
1055307
1055309
1055314
1055321
1055322
1055324
1055325
1055326
1055328
1055329
1055330
1055331
1055332
1055333
1055334
1055335
1055336
1055338
1055339
1055340
1055341
1055342
1055343
1055344
1055345
1055350
1055351
1055352
1055355
1055356
1055358
1055362
1055363
1055372
1055373
1055374
1055375
1055398
1055415
1055416
1055425
1055426
1055427
1055428
1055430
1055435
1055437
1055438
1055439
1055440
1055443
1055451
1055455
1055456
1055467
1055470
1055477
1055479
1055490
1055491
1055492
1055494
1055497
1055499
1055500
1055730
1055731
1055732
1055734
1055735
1055736
1055737
1055738
1055739
1055740
1055741
1055759
1055761
1055763
1055764
1055765
1055766
1055768
1055770
1055772
1055773
1055774
1055775
1055782
1055789
1055798
1055836
1055837
1055839
1055840
1055854
1055925
1055926
1055927
1055930
1055931
1055932
1055933
1055934
1055935
1055936
1055938
1055939
1055940
1055941
1055942
1055943
1055944
1055945
1055946
1055947
1055948
1055949
1055950
1055952
1055954
1055955
1055956
1055957
1055959
1055960
1055961
1055964
1055965
1055966
1055968
1055971
1055972
1055974
1055975
1055976
1055977
1055978
1055980
1055983
1055990
1055993
1055997
1056010
1056011
1056012
1056013
1056014
1056015
1056016
1056019
1056020
1056021
1056048
1056055
1056056
1056064
1056068
1056069
1056087
1056172
1056174
1056175
1056176
1056177
1056178
1056179
1056182
1056183
1056184
1056185
1056186
1056188
1056191
1056192
1056193
1056194
1056195
1056196
1056197
1056198
1056199
1056200
1056202
1056203
1056205
1056217
1056219
1056221
1056222
1056225
1056233
1056234
1056284
1056285
1056287
1056288
1056290
1056293
1056294
1056317
1056319
1056321
1056324
1056325
1056334
1056335
1056338
1056341
1056344
1056345
1056356
1056358
1056359
1056368
1056375
1056381
1056382
1056383
1056386
1056388
1056389
1056390
1056391
1056417
1056418
1056450
1056454
1056477
1056478
1056481
1056488
1056489
1056533
1056535
1056538
1056539
1056547
1056548
1056581
1056589
1056596
1056597
1056599
1056601
1056606
1056617
1056619
1056628
1056637
1056638
1056639
1056640
1056641
1056644
1056646
1056650
1056651
1056652
1056653
1056654
1056655
1056657
1056658
1056659
1056666
1056668
1056669
1056670
1056671
1056672
1056680
1056681
1056702
1056703
1056705
1056706
1056709
1056729
1056759
1056760
1056761
1056762
1056763
1056764
1056765
1056766
1056767
1056799
1056809
1056830
1056831
1056832
1056833
1056834
1056835
1056836
1056837
1056838
1056840
1056841
1056842
1056843
1056844
1056846
1056847
1056848
1056849
1056850
1056856
1056857
1056865
1056872
1056914
1056916
1056917
1056918
1056919
1056920
1056921
1056931
1056932
1056933
1056934
1056943
1056958
1056959
1056961
1056967
1056984
1057014
1057016
1057017
1057082
1057090
1057093
1057094
1057095
1057096
1057098
1057099
1057100
1057101
1057102
1057103
1057104
1057105
1057106
1057107
1057108
1057110
1057112
1057113
1057114
1057115
1057118
1057119
1057120
1057121
1057122
1057123
1057124
1057125
1057126
1057127
1057128
1057130
1057131
1057132
1057133
1057134
1057135
1057136
1057137
1057138
1057139
1057140
1057141
1057142
1057143
1057144
1057145
1057146
1057147
1057148
1057149
1057150
1057152
1057156
1057158
1057159
1057161
1057167
1057168
1057170
1057171
1057172
1057173
1057199
1057201
1057202
1057203
1057205
1057215
1057216
1057217
1057218
1057219
1057220
1057221
1057223
1057224
1057225
1057226
1057228
1057230
1057231
1057235
1057238
1057239
1057241
1057242
1057243
1057244
1057245
1057246
1057247
1057248
1057249
1057250
1057251
1057252
1057256
1057257
1057258
1057259
1057260
1057262
1057265
1057266
1057268
1057270
1057271
1057272
1057273
1057274
1057276
1057278
1057279
1057280
1057281
1057283
1057284
1057285
1057321
1057325
1057326
1057327
1057329
1057330
1057331
1057335
1057336
1057338
1057340
1057347
1057348
1057349
1057351
1057371
1057388
1057389
1057412
1057420
1057439
1057442
1057443
1057445
1057446
1057473
1057474
1057475
1057477
1057479
1057480
1057481
1057482
1057483
1057485
1057488
1057490
1057496
1057497
1057498
1057501
1057506
1057507
1057511
1057514
1057515
1057516
1057517
1057518
1057519
1057521
1057522
1057523
1057524
1057527
1057528
1057530
1057533
1057534
1057538
1057540
1057556
1057557
1057558
1057559
1057560
1057561
1057566
1057567
1057569
1057576
1057578
1057581
1057588
1057595
1057596
1057602
1057603
1057608
1057609
1057610
1057611
1057613
1057614
1057615
1057616
1057617
1057619
1057620
1057621
1057626
1057630
1057631
1057633
1057634
1057635
1057643
1057644
1057645
1057646
1057649
1057651
1057653
1057656
1057657
1057658
1057659
1057662
1057664
1057665
1057666
1057667
1057668
1057669
1057671
1057673
1057674
1057677
1057678
1057679
1057680
1057681
1057683
1057684
1057685
1057686
1057687
1057688
1057689
1057690
1057691
1057692
1057693
1057694
1057708
1057712
1057713
1057728
1057734
1057735
1057756
1057761
1057765
1057770
1057782
1057785
1057787
1057788
1057789
1057791
1057808
1057815
1057819
1057822
1057830
1057831
1057832
1057833
1057834
1057835
1057836
1057837
1057839
1057849
1057850
1057851
1057852
1057853
1057854
1057856
1057857
1057860
1057861
1057862
1057864
1057866
1057867
1057868
1057871
1057872
1057873
1057874
1057875
1057878
1057879
1057880
1057881
1057882
1057883
1057884
1057885
1057887
1057889
1057891
1057894
1057896
1057897
1057898
1057899
1057900
1057901
1057902
1057903
1057904
1057905
1057906
1057907
1057909
1057910
1057911
1057912
1057913
1057914
1057915
1057916
1057936
1057940
1057941
1057942
1057943
1057944
1057945
1057946
1057948
1057951
1057952
1057953
1057954
1057956
1057957
1057958
1057960
1057961
1057962
1057963
1057964
1057967
1057971
1057972
1057974
1057975
1057976
1057977
1057978
1057979
1057980
1057981
1057982
1057983
1057985
1058009
1058010
1058011
1058013
1058014
1058015
1058017
1058018
1058019
1058020
1058021
1058024
1058025
1058027
1058028
1058032
1058034
1058039
1058040
1058042
1058043
1058045
1058051
1058053
1058054
1058055
1058057
1058058
1058072
1058073
1058098
